SNR = [0 5 10 15 20 25 30] ;

eta1 = 2 ;
disdB1 = (80 - SNR)/ eta1 
eta2 = 4 ;
disdB2 = (80 - SNR)/ eta2 
